%YAML:1.0
---
type: IMU
name: BMI055
Gyr:
   unit: " rad/s"
   avg-axis:
      gyr_n: 1.6580454778188074e-03
      gyr_w: 1.1250564229182250e-05
   x-axis:
      gyr_n: 1.2503671264252386e-03
      gyr_w: 9.0115466809865553e-06
   y-axis:
      gyr_n: 2.3342755893312988e-03
      gyr_w: 1.4767919231648856e-05
   z-axis:
      gyr_n: 1.3894937176998853e-03
      gyr_w: 9.9722267749113379e-06
Acc:
   unit: " m/s^2"
   avg-axis:
      acc_n: 1.7964591037208155e-02
      acc_w: 3.9550732490032113e-04
   x-axis:
      acc_n: 1.5545106295019318e-02
      acc_w: 2.5692459493034604e-04
   y-axis:
      acc_n: 1.8379679487283595e-02
      acc_w: 5.7743165341815150e-04
   z-axis:
      acc_n: 1.9968987329321553e-02
      acc_w: 3.5216572635246585e-04
